0, 0, 11.619999999999797, 40.85944563784742, 12.06568470930074
0, 1, 17.409999999999922, 90.41775864440898, 46.57066064661076
0, 2, 361.9699999998158, 86.43917382696064, 70.13460837417435
0, 3, 369.0999999998093, 86.63624447344472, 81.83142263013791
0, 4, 716.5099999994934, 55.23722161560068, 80.5168542467544
0, 5, 714.3699999994953, 11.39586666583946, 58.80134062753072
0, 6, 432.37999999975176, 97.90031390797574, 66.87475838825348
0, 7, 885.5099999993397, 65.79485509971435, 80.96681729476146
0, 8, 1048.2099999991917, 26.037429243328567, 96.01120613923025
0, 9, 483.49999999970527, 82.57017983797664, 55.80896745063669
0, 10, 496.4599999996935, 68.34156155941797, 75.21851176272696
0, 11, 726.829999999484, 52.41949253246803, 78.04470255864689
0, 12, 150.4000000000082, 70.8021678887376, 16.073261622738688
0, 13, 1077.1899999991654, 98.99769667111946, 9.219200749369028
0, 14, 53.07999999999801, 80.85402176403662, 39.38366747283815
0, 15, 1143.2599999991053, 75.40766029310569, 4.6407323072827245
0, 16, 77.44000000000271, 15.702463961291413, 8.726967316244917
0, 17, 49.69999999999868, 29.38888166443042, 10.013477300351447
0, 18, 290.3599999998809, 58.48926043268495, 15.75791709317176
0, 19, 1369.5899999988994, 27.52904042601374, 14.246742389252287
0, 20, 632.9899999995694, 97.27768931083702, 36.99976252773429
0, 21, 643.0999999995602, 97.43087122531342, 43.05689423361896
0, 22, 496.6799999996933, 88.23388138243511, 53.991499097904594
0, 23, 977.0699999992564, 48.03879310311232, 86.56150238768083
0, 24, 1456.6999999988202, 28.973292732520473, 42.81185105100425
0, 25, 450.3799999997354, 89.92118120256299, 64.47209201187883
0, 26, 749.2199999994637, 46.64919470867744, 81.02519338437209
0, 27, 109.8600000000193, 80.08931563421514, 24.432872804584036
0, 28, 238.6799999999279, 1.0007046077801118, 60.83356435535926
0, 29, 1500.0699999987808, 90.493731683474, 93.49743129129729
0, 30, 1008.329999999228, 41.06448968330796, 87.1399015730783
0, 31, 612.2199999995883, 91.47620127543256, 40.12177591876003
0, 32, 600.8799999995986, 70.99553472144682, 94.01964110549217
0, 33, 1259.2099999989998, 85.31743415428117, 3.171453186446105
0, 34, 752.139999999461, 47.21861549362546, 81.71765313764666
0, 35, 185.809999999976, 4.590181752096534, 30.46852248742341
0, 36, 1193.03999999906, 67.67800877571804, 6.982474282257267
0, 37, 139.48000000001812, 74.40147879206982, 15.784873266014344
0, 38, 1333.0699999989326, 40.79452460759663, 5.997394406616707
0, 39, 89.32000000000879, 14.967131549257672, 6.068845924016597
0, 40, 1204.05999999905, 81.0483476121605, 14.069943834818488
0, 41, 517.5499999996744, 93.8038839805008, 52.378752591193056
0, 42, 397.8299999997832, 86.34958503342035, 76.2996635506133
0, 43, 1335.1099999989308, 46.428879854821794, 0.6223538486805347
0, 44, 939.9099999992902, 23.725650945423162, 87.41777337887261
0, 45, 645.3799999995581, 55.216054689565794, 91.5774373584488
0, 46, 1531.4699999987522, 97.02284721266737, 87.23899058072088
0, 47, 1249.6799999990085, 79.96104337184134, 4.890586297613108
0, 48, 528.3099999996646, 92.31583569485858, 56.12131906209804
0, 49, 23.430000000000863, 38.212639772164025, 13.232415532385389
0, 50, 1795.7399999985118, 12.853111483977353, 21.011419980543856
0, 51, 1194.169999999059, 82.9335472620209, 15.042417743635061
0, 52, 1084.069999999159, 99.79317345982686, 10.489225723175489
0, 53, 479.6399999997088, 81.2906533668797, 54.499353545071386
0, 54, 16.029999999999706, 40.695454476541826, 14.449498538962635
0, 55, 795.9699999994211, 40.24913341079106, 70.25419075965351
0, 56, 620.9199999995803, 90.76481412419358, 35.62306905802372
0, 57, 1531.4899999987522, 29.19023708273687, 76.23480807066758
0, 58, 1312.5299999989513, 58.39847420996161, 0.9168396458431038
0, 59, 817.5899999994015, 6.748642495417312, 90.62363860927944
0, 60, 830.9799999993893, 0.17146620195752638, 90.0418939460908
0, 61, 1595.8699999986936, 30.71724653857042, 68.15691361864378
0, 62, 1686.0399999986116, 32.60173095163654, 37.415343394387335
0, 63, 97.07000000001275, 84.0165178177707, 28.900463963365787
0, 64, 886.1599999993391, 8.691797986705973, 98.38723793160838
0, 65, 1707.559999998592, 25.75351964125915, 41.46528765845986
0, 66, 246.43999999992084, 59.63540006119996, 34.165551482622035
0, 67, 1290.2099999989716, 62.81776194762549, 10.979596868372287
0, 68, 953.9399999992775, 27.84425925167433, 85.2576543835178
0, 69, 453.2299999997328, 89.09956390165085, 64.56096734930358
0, 70, 1476.3199999988024, 33.56399381619302, 51.98479020410992
0, 71, 1499.2799999987815, 25.5059590051371, 59.854225575705414
0, 72, 1506.9799999987745, 89.99776064231784, 92.10339447915126
0, 73, 380.61999999979884, 92.47770040388664, 70.57926636054258
0, 74, 165.6599999999943, 65.4563403963449, 19.21581495607252
0, 75, 463.81999999972317, 84.12525352478195, 60.67268805118194
0, 76, 1542.799999998742, 96.99578627204073, 83.35894506665778
0, 77, 275.91999999989406, 3.1490371248273363, 70.50434624295313
0, 78, 119.56000000002426, 76.83980312543426, 23.115405479235605
0, 79, 818.3999999994007, 51.43120486784852, 72.7561260726524
0, 80, 1610.7099999986801, 41.50307585327268, 63.54571210751787
0, 81, 1791.219999998516, 16.73865826067933, 2.096807255811939
0, 82, 190.64999999997158, 57.92009389144138, 28.387374193024428
0, 83, 27.480000000001496, 88.63281321938892, 42.751574027162384
0, 84, 1653.619999998641, 43.09216038840743, 49.52891239168598
0, 85, 909.7799999993176, 62.84602262558633, 97.2188290459908
0, 86, 847.779999999374, 62.80596162614217, 71.99977297536662
0, 87, 565.0099999996312, 79.85077121989809, 83.5175772751828
0, 88, 1397.7499999988738, 37.595751385184684, 22.46868128305265
0, 89, 97.10000000001277, 13.001277255811361, 4.895812931584043
0, 90, 207.16999999995656, 52.35818630286661, 32.991809703866984
0, 91, 1866.6899999984473, 96.20928040579626, 5.260599037451275
0, 92, 552.6499999996424, 79.62391612768415, 79.28721901986384
0, 93, 1820.839999998489, 6.907143326495213, 9.954316564975851
0, 94, 530.9399999996622, 72.84806818364284, 77.92786660648308
0, 95, 205.65999999995793, 4.44302302687708, 37.83164582073972
0, 96, 956.8799999992748, 28.55167282388862, 85.83350046644219
0, 97, 1062.8899999991784, 23.21360088713831, 96.35592099316311
0, 98, 1865.959999998448, 15.920083940606366, 46.6865932989495
0, 99, 1438.3699999988369, 38.13196896683977, 34.83302978784396
0, 100, 272.8999999998968, 4.125248192935704, 70.29407759212697
0, 101, 587.8499999996104, 74.05997162552697, 93.83593447703622
0, 102, 1124.5699999991223, 97.92187472298404, 30.97681395801307
0, 103, 124.16000000002661, 76.39887148785138, 20.58259743225811
0, 104, 110.30000000001952, 9.456123316382826, 5.591069282122197
0, 105, 767.499999999447, 16.39097990308166, 68.18298042858686
0, 106, 624.0499999995775, 64.63344989157827, 87.23229176900445
0, 107, 1812.8499999984963, 11.21314974051738, 28.585968229965918
0, 108, 647.7599999995559, 99.46013703652777, 44.732344214974574
0, 109, 719.7499999994905, 54.03577179645315, 80.35339931037436
0, 110, 540.1899999996538, 95.63196241186638, 58.67544299062929
0, 111, 1093.109999999151, 98.39600773881942, 15.264842597686034
0, 112, 1215.3899999990397, 71.98988705876133, 11.863310391075599
0, 113, 807.9799999994102, 9.419120983859997, 87.85490611918907
0, 114, 1630.8099999986619, 46.00646034345992, 58.71311522573174
0, 115, 85.48000000000683, 13.701409686254628, 7.367820918055534
0, 116, 963.1799999992691, 52.519394662017426, 88.0753795775336
0, 117, 1356.4899999989113, 48.449969574665715, 14.062653614280906
0, 118, 1701.6399999985974, 25.39877769032266, 37.587935867812035
0, 119, 1685.2599999986123, 41.838747018646586, 40.3264430692293
0, 120, 970.4799999992624, 29.150386857571377, 90.24080947746674
0, 121, 1634.7099999986583, 47.591332336318104, 57.714621308351276
0, 122, 307.2099999998656, 4.339479472111862, 87.23677782261959
0, 123, 1620.0299999986717, 98.77478684346865, 99.02670189083919
0, 124, 1076.1199999991663, 16.842036058896525, 97.24349457327251
0, 125, 1166.3599999990843, 67.80740334386967, 2.7127429291663563
0, 126, 1442.639999998833, 36.790482499130896, 36.636418301309895
0, 127, 607.4999999995925, 88.84985442078361, 39.49605709575557
0, 128, 21.010000000000485, 91.82307867031486, 45.850846858216535
0, 129, 166.89999999999318, 4.088456200437307, 21.589876752554115
0, 130, 1298.8099999989638, 57.04813786456212, 5.574894769444006
0, 131, 764.1299999994501, 42.05716125131836, 81.74580850573038
0, 132, 1569.8999999987172, 96.30815682170787, 96.62933944680142
0, 133, 1304.4099999989587, 55.331450990947, 7.825544412329566
0, 134, 855.519999999367, 60.64756211092225, 71.32898815748847
0, 135, 119.36000000002416, 4.8448201900721966, 4.343830735750975
0, 136, 297.2899999998746, 5.391672193918328, 82.21818224145704
0, 137, 407.64999999977425, 97.91758449832186, 78.44132903820747
0, 138, 235.8199999999305, 58.32216170828276, 40.49136037514448
0, 139, 488.34999999970086, 65.36949935593859, 73.3470330319823
0, 140, 1310.1299999989535, 52.419726980298265, 5.550142334669317
0, 141, 864.5499999993588, 55.73762241124612, 71.5595751152178
0, 142, 436.6299999997479, 95.69953311160721, 66.54510756366689
0, 143, 533.0199999996603, 92.61945018597515, 58.79176953554701
0, 144, 1561.6699999987247, 94.70094126333369, 93.29693006319913
0, 145, 1345.0399999989218, 44.60254867603551, 10.671681029795932
0, 146, 876.6899999993477, 1.373138030738752, 99.4899778751731
0, 147, 67.54999999999765, 88.71330075019833, 36.61973223361345
0, 148, 1218.6399999990367, 73.21446656443672, 11.898026600634726
0, 149, 944.4199999992861, 52.0288561282418, 91.22168395309454
0, 150, 776.9499999994384, 39.092374293114986, 78.4245733995046
0, 151, 1503.8099999987774, 25.053608211811927, 62.322483112258084
0, 152, 1268.7599999989911, 77.76681323467166, 1.0208299762141104
0, 153, 1519.3299999987632, 91.96180506060303, 86.18627955846523
0, 154, 251.2099999999165, 59.306666349484296, 31.442606581254505
0, 155, 63.709999999995894, 86.95297087833968, 37.07650989166852
0, 156, 1069.969999999172, 20.85448493182369, 96.28582645990075
0, 157, 1272.5099999989877, 76.04548254064856, 0.9077292692704964
0, 158, 1747.8599999985554, 59.40394219290411, 46.27370786766218
0, 159, 638.8099999995641, 97.47267144839724, 40.789334490394694
0, 160, 244.7399999999224, 1.3566649981917478, 64.8530528868091
0, 161, 825.4499999993943, 3.640365519558597, 90.55683501480591
0, 162, 1520.619999998762, 25.13217453221417, 71.34756795290087
0, 163, 1565.699999998721, 94.59600838911436, 95.2953308892846
0, 164, 143.4500000000145, 73.06384011673165, 17.198023931476726
0, 165, 594.6399999996042, 87.66115804431789, 49.76088073971123
0, 166, 1511.6599999987702, 91.08832329720713, 89.67951946429797
0, 167, 913.2099999993145, 62.76121801192609, 98.62315432596857
0, 168, 780.8099999994349, 15.04361819728297, 77.90660462330955
0, 169, 104.66000000001664, 12.349860703608972, 3.425154532071306
0, 170, 30.910000000002032, 87.50081717827442, 43.59211130326794
0, 171, 949.3199999992817, 25.26932745203353, 85.60542445166523
0, 172, 1644.3399999986495, 47.31637532175228, 52.5919196056956
0, 173, 377.62999999980156, 92.99823036850438, 69.77073518927239
0, 174, 1494.6499999987857, 25.845299018314126, 57.274478835456875
0, 175, 866.9499999993566, 55.40874045384751, 71.38037248761272
0, 176, 1702.5299999985966, 51.15895232492647, 43.17866873582739
0, 177, 638.0799999995647, 58.52411268047337, 87.46721808437115
0, 178, 1696.0299999986025, 28.964010926969376, 37.95003598782761
0, 179, 1158.1199999990918, 88.34454250686196, 21.227636996932453
0, 180, 1645.6999999986483, 41.32776147993925, 54.90406603762159
0, 181, 130.33000000002644, 4.478556936890621, 0.045949713267068315
0, 182, 401.9699999997794, 94.28178644643191, 78.0829399575884
0, 183, 126.53000000002783, 4.054479918085008, 1.7702912582729269
0, 184, 730.3799999994808, 52.22627826374329, 79.55946339581294
0, 185, 771.8399999994431, 42.12659687106671, 78.9562783811672
0, 186, 190.55999999997167, 2.315609174387989, 31.961441295151438
0, 187, 1097.8499999991466, 95.9334305271441, 16.404965984525653
0, 188, 1807.0899999985015, 12.51034637569538, 25.07850682615038
0, 189, 1158.6399999990913, 69.28540245354965, 2.926916948197944
0, 190, 1279.0199999989818, 68.27811539718398, 10.059457450893095
0, 191, 509.88999999968127, 68.99931286724073, 82.29288106188307
0, 192, 1252.5999999990058, 89.60592686009417, 1.5382009812081154
0, 193, 157.38000000000184, 2.4715348327073117, 16.36496698668537
0, 194, 983.7799999992503, 46.03905379451335, 90.79397281874499
0, 195, 850.9999999993711, 63.097432761339064, 70.84224790306463
0, 196, 1670.8199999986255, 35.3996301943769, 45.542732820625595
0, 197, 788.3099999994281, 13.970554785227451, 81.01718219217702
0, 198, 1729.569999998572, 55.61080532962862, 55.17725983741336
0, 199, 627.7699999995741, 64.39564154641573, 88.9122678274597
0, 200, 1573.469999998714, 95.61136073657384, 98.008916753743
0, 201, 902.5199999993242, 7.9253413325856, 95.1979087602333
0, 202, 879.719999999345, 62.20323009273703, 82.08853098887919
0, 203, 1615.7899999986755, 44.47165206785017, 64.26944099897749
0, 204, 389.52999999979073, 89.46975731569317, 76.47258055303627
0, 205, 33.900000000001825, 34.24162385921681, 8.238335854792734
0, 206, 745.9599999994666, 10.44258788342366, 63.003105056302836
0, 207, 836.2099999993845, 0.05663150145168716, 86.83425852297363
0, 208, 1215.9999999990391, 86.35223393506656, 14.322780442207982
0, 209, 1392.159999998879, 36.50174533783257, 22.583549085076505
0, 210, 543.3599999996509, 76.84659830548954, 73.25332305438779
0, 211, 210.61999999995342, 2.061063901087812, 39.54523677155636
0, 212, 1816.9399999984926, 7.846988579639991, 8.329146695763379
0, 213, 413.7599999997687, 83.85238890258907, 67.86397107450888
0, 214, 1083.5699999991596, 15.56675177154938, 96.42208718439086
0, 215, 546.8299999996477, 97.11713200347971, 60.73142587745623
0, 216, 1209.2499999990453, 82.674135052524, 11.358820807191671
0, 217, 1622.5499999986694, 99.12167362764494, 99.3751016370826
0, 218, 1413.5999999988594, 24.087181464673733, 0.3053820843745503
0, 219, 187.36999999997457, 59.10396858364152, 27.972137552373876
0, 220, 792.2999999994245, 12.983877666728239, 82.71607528254142
0, 221, 1559.199999998727, 35.65739362818423, 83.29430002585752
0, 222, 1171.14999999908, 65.44428105251674, 1.286604644074607
0, 223, 1688.4199999986095, 42.96678343656032, 40.46576326105902
0, 224, 459.1599999997274, 71.27171728366669, 60.608414958949616
0, 225, 612.0099999995884, 72.29752238987331, 87.92790700204105
0, 226, 437.11999999974745, 76.12581348826114, 66.10102424790941
0, 227, 1003.0499999992328, 39.853487040324644, 90.15702450593528
0, 228, 1678.4399999986185, 32.9240647226562, 42.980167681607796
0, 229, 784.5499999994315, 14.019316872581877, 79.28046165231557
0, 230, 45.41999999999953, 83.93771182968024, 40.96321302378199
0, 231, 1656.2999999986387, 42.46864713645315, 49.71662361244755
0, 232, 951.8699999992793, 49.04318567277321, 91.26314333579784
0, 233, 79.3700000000037, 88.76118387954806, 34.37958257679613
0, 234, 767.8099999994467, 43.25663682421151, 80.60693088297975
0, 235, 193.52999999996896, 57.82173471808368, 29.237829722026987
0, 236, 800.479999999417, 42.39893088880292, 69.00536184754858
0, 237, 180.57999999998074, 2.337174030576128, 28.184777197044898
0, 238, 1066.9499999991747, 21.34348184840994, 97.15255904773667
0, 239, 927.009999999302, 59.18085786977644, 95.24704786778204
0, 240, 777.3299999994381, 13.72705309567337, 77.29836593276596
0, 241, 1526.4299999987568, 26.47291983240455, 74.89046906868198
0, 242, 441.0099999997439, 77.85946237764846, 66.78698393175378
0, 243, 934.2299999992954, 22.598277023763703, 90.8969908594786
0, 244, 821.9599999993975, 51.70048704211321, 74.27094020920461
0, 245, 1410.2899999988624, 35.37465499708349, 17.77835299933549
0, 246, 1536.4199999987477, 28.906302967606614, 79.12371166742636
0, 247, 737.1799999994746, 50.06914730942219, 80.51874156607187
0, 248, 660.5599999995443, 60.822454830073234, 92.76603079148849
0, 249, 1235.6199999990213, 77.85355057706336, 17.019416484675354
0, 250, 1547.169999998738, 97.80384085664265, 81.15646862855326
0, 251, 104.89000000001676, 82.41590459695637, 26.245641486322956
0, 252, 1712.6299999985874, 50.154625094514124, 46.5247119364881
0, 253, 90.3300000000093, 84.30615741547922, 33.60234453637629
0, 254, 199.9899999999631, 3.4416233664994023, 36.72840970185847
0, 255, 374.6299999998043, 92.6679751331031, 68.85259842762636
0, 256, 492.52999999969705, 86.501628033175, 52.76321851911586
0, 257, 1722.2199999985787, 52.86994591325475, 54.12479718576735
0, 258, 302.2899999998701, 6.254367662061055, 85.0679267291485
0, 259, 1292.02999999897, 60.404274434906704, 8.948584591698339
0, 260, 1190.6199999990622, 83.00424260560945, 16.56771115877459
0, 261, 812.9299999994057, 6.497658219673664, 88.0027096835026
0, 262, 1371.4799999988977, 62.50043354119573, 27.618504619811446
0, 263, 1231.1899999990253, 87.99158212811645, 11.402308255289373
0, 264, 92.72000000001053, 15.352511369225386, 4.7443981446815275
0, 265, 1584.399999998704, 90.83451223325562, 97.59251047960844
0, 266, 421.4499999997617, 80.72082550446632, 66.05805849842453
0, 267, 113.44000000002113, 78.68202770863343, 23.76769266087152
0, 268, 1380.2499999988897, 66.75798795174936, 27.87803863216345
0, 269, 632.22999999957, 62.345964635924545, 87.60290657008629
0, 270, 429.4599999997544, 98.66910480405086, 67.3316941289783
0, 271, 1021.8799999992157, 39.641655543240105, 81.95577330490016
0, 272, 173.41999999998725, 0.053106369057942526, 23.580465583566166
0, 273, 808.8599999994094, 46.254466414885, 70.92811506547085
0, 274, 1844.5399999984675, 12.306675699438063, 46.52976123768456
0, 275, 1102.839999999142, 97.4197811647542, 18.973301243815598
0, 276, 70.50999999999917, 88.63895021346758, 35.69169767046604
0, 277, 1669.6799999986265, 40.330441801344655, 45.603706644966756
0, 278, 1188.549999999064, 69.49644947270117, 5.318167335113522
0, 279, 257.309999999911, 8.385850378838, 65.01739610655393
0, 280, 1807.4399999985012, 8.718192597985198, 0.8182097673348654
0, 281, 147.61000000001073, 71.49443649621334, 15.743201582485577
0, 282, 455.46999999973076, 72.91396682411144, 60.348195731691355
0, 283, 1387.9499999988827, 70.39361577705712, 27.854029454595075
0, 284, 1135.2999999991125, 78.84148671910192, 28.782356702821367
0, 285, 198.08999999996482, 55.797958520994996, 30.772052645862058
0, 286, 895.5199999993306, 66.966252517672, 91.69034959201512
0, 287, 839.2999999993817, 0.6320598866520255, 85.9388406561256
0, 288, 1734.6899999985674, 57.926020111558216, 57.23261281489823
0, 289, 971.4199999992616, 50.82899933647699, 84.2476714894668
0, 290, 1226.05999999903, 76.30177831898469, 13.024758040972007
0, 291, 996.8599999992384, 41.47686327565734, 93.99575463882948
0, 292, 729.4299999994817, 16.4806186776573, 56.96726824745853
0, 293, 1385.0999999988853, 69.57882135262365, 27.97491940915461
0, 294, 1237.9099999990192, 89.38990096114918, 10.003864621459357
0, 295, 1241.469999999016, 88.88788115697767, 8.55649016420259
0, 296, 1482.8599999987964, 30.20033955806496, 54.98953730741947
0, 297, 1659.3799999986359, 39.841367089792726, 51.26141505674822
0, 298, 1400.899999998871, 38.31270786113471, 21.59821984712916
0, 299, 1622.0999999986698, 48.28279577531374, 62.32106926498926
0, 300, 1405.9299999988664, 37.516014500886264, 18.699203269998065
0, 301, 136.47000000002086, 1.0965092166336676, 2.384904190891479
0, 302, 896.8099999993294, 11.098219541417532, 97.06806572085875
0, 303, 1425.7399999988484, 37.67732394371072, 29.468972121820613
0, 304, 1473.429999998805, 32.75610464524743, 52.28286353822017
0, 305, 414.6599999997679, 98.12603800276547, 75.5089600742719
0, 306, 1870.5099999984438, 97.20531799216869, 3.762401166019924
0, 307, 959.3399999992725, 28.926906952125687, 85.61642721181724
0, 308, 228.75999999993692, 53.82500145761326, 38.23106390430241
0, 309, 1111.9899999991337, 99.4444623097824, 22.605995761448717
0, 310, 1196.9899999990564, 83.2426387632568, 14.312150011967884
0, 311, 366.54999999981163, 88.82409152900702, 69.21377605712942
0, 312, 956.3199999992753, 50.193851312752734, 89.13334166231269
0, 313, 28.28000000000162, 36.73814189744069, 10.828503886247399
0, 314, 718.1599999994919, 12.498946589847016, 57.4255490005705
0, 315, 313.21999999986014, 3.101199955579226, 87.67463069719341
0, 316, 385.42999999979446, 89.45402820733723, 78.54849613538896
0, 317, 991.2599999992435, 39.655386383949455, 96.51594553208261
0, 318, 1461.6999999988157, 28.729930480601073, 45.7753917318472
0, 319, 135.85000000002142, 75.84927549693886, 16.471291940983157
0, 320, 382.8499999997968, 89.92971585370277, 78.26829993521963
0, 321, 475.60999999971244, 80.59322969782491, 56.38392962670633
0, 322, 721.299999999489, 12.655999539213369, 56.325203158745396
0, 323, 425.46999999975804, 97.75467088548467, 69.07632517407582
0, 324, 1203.2999999990507, 69.51383330304454, 9.888867012040203
0, 325, 1012.5399999992242, 43.14986729098662, 87.79839495345814
0, 326, 488.5499999997007, 85.01925284081699, 54.031936861094884
0, 327, 1849.7099999984628, 10.416101559954061, 49.04186522077114
0, 328, 260.9499999999077, 54.12802836470949, 24.240983300638597
0, 329, 472.19999999971554, 72.26757280377153, 70.75909113237294
0, 330, 1609.4899999986812, 86.44348819508684, 88.28335538479702
0, 331, 966.2499999992663, 52.09534194631941, 87.12226241746276
0, 332, 433.06999999975113, 77.31186238853437, 64.46223319261391
0, 333, 934.1099999992955, 56.28758364349221, 95.0056306496086
0, 334, 650.1899999995537, 57.365899392296726, 93.3428471155707
0, 335, 390.8999999997895, 94.1237054060095, 73.18587418569041
0, 336, 931.0499999992983, 21.451420402293852, 90.72891716208534
0, 337, 1664.679999998631, 37.302103435628176, 49.190073623797005
0, 338, 587.1199999996111, 82.18672476679065, 50.21613988016117
0, 339, 1318.6899999989457, 47.992449756814395, 6.267796054474695
0, 340, 1634.049999998659, 61.92117982632167, 93.08801527880439
0, 341, 216.07999999994846, 50.071975945895666, 33.26484904761266
0, 342, 69.14999999999847, 19.681099555667558, 8.711209252296081
0, 343, 787.6699999994287, 37.751756998150185, 73.52090635845953
0, 344, 483.7099999997051, 67.66371893748952, 72.09030965783163
0, 345, 1391.8399999988792, 70.5558714066138, 25.998853345179285
0, 346, 799.8899999994176, 11.877614511527279, 88.17334321164947
0, 347, 462.2299999997246, 70.24824740342717, 60.406174869390505
0, 348, 479.21999999970916, 70.0402530007294, 72.72872626657688
0, 349, 1167.1599999990835, 89.80248433673742, 23.630621728762314
0, 350, 986.9599999992474, 45.66633061028135, 91.89216618082482
0, 351, 925.4599999993034, 19.634514283004922, 87.66350184975778
0, 352, 992.2299999992426, 43.992791234053726, 94.67503288128569
0, 353, 1051.6199999991886, 27.409221196997468, 95.85544509843562
0, 354, 1672.9999999986235, 35.27193059087952, 45.462893123309414
0, 355, 915.2499999993126, 14.855702861300957, 90.18322185194603
0, 356, 1286.389999998975, 63.65786873617445, 7.380810154749873
0, 357, 946.769999999284, 24.852332901747065, 85.29237803590507
0, 358, 506.3099999996845, 68.26268343034994, 80.9206417555603
0, 359, 201.6199999999616, 55.80638584818354, 32.27204391229779
0, 360, 614.8199999995859, 91.69971138217292, 39.59279631221386
0, 361, 82.65000000000538, 87.88702753544817, 33.48059348987691
0, 362, 174.74999999998604, 60.5394173885452, 22.66246314512689
0, 363, 947.879999999283, 50.84907703787424, 92.0449301558092
0, 364, 995.2899999992399, 41.45965512166132, 95.63275001862814
0, 365, 155.69000000000338, 68.9694622899947, 18.771544114795425
0, 366, 593.9699999996049, 72.77159999683049, 95.34948821388598
0, 367, 833.8399999993867, 58.67577453731522, 77.5446138205786
0, 368, 1697.5599999986011, 48.2328888111288, 43.49429080610791
0, 369, 869.4799999993543, 55.61756224605091, 70.92282643488184
0, 370, 1719.9699999985808, 26.25117118882144, 50.189903273846525
0, 371, 211.1999999999529, 51.85948672396633, 31.04492579953795
0, 372, 1144.7899999991039, 81.40405190953825, 21.756054930672786
0, 373, 931.8299999992976, 56.427873651232986, 94.79260497972938
0, 374, 1258.7999999990002, 82.1074355860917, 1.8342772102223126
0, 375, 150.92000000000772, 0.1363617610024903, 12.59250630575377
0, 376, 757.7299999994559, 43.94185468245034, 83.11166920448684
0, 377, 849.3099999993726, 3.0853342340894097, 84.77669637558236
0, 378, 1468.3299999988096, 30.920348368173258, 49.82124314688918
0, 379, 457.89999999972855, 87.63756509571732, 62.35430499916815
0, 380, 1742.9899999985598, 29.354874838722324, 25.173102644969937
0, 381, 261.3899999999073, 7.07900174327264, 66.60448282555207
0, 382, 782.3799999994335, 36.3167042513184, 76.45764349870284
0, 383, 1173.5499999990777, 85.43934105275042, 23.62507391145079
0, 384, 39.52000000000071, 83.11672512051874, 44.75484289532431
0, 385, 384.90999999979493, 94.51559049380592, 71.57218567371561
0, 386, 576.229999999621, 78.04061506848699, 89.68199004263793
0, 387, 1661.1099999986343, 44.309737999884014, 47.63147100339077
0, 388, 1837.5099999984739, 13.39284408025102, 41.64163043003457
0, 389, 1174.389999999077, 65.55952687292861, 0.0801395721716669
0, 390, 1675.849999998621, 36.255160109231376, 44.860780820694615
0, 391, 965.7599999992667, 31.597150539870157, 89.10190713543601
0, 392, 241.91999999992495, 58.572305344280885, 36.42458301615314
0, 393, 1509.9299999987718, 27.49424391303731, 65.61425152574114
0, 394, 283.75999999988693, 1.7834755566085714, 76.15871215893813
0, 395, 291.5699999998798, 6.906131236535296, 78.8488648051244
0, 396, 1578.1099999987098, 93.04219566040666, 97.5407938522615
0, 397, 1514.7299999987674, 25.45038132969323, 67.49425939333891
0, 398, 733.3099999994781, 51.38432687827476, 79.23073235924842
0, 399, 1388.4899999988822, 35.310171544940374, 23.721311408820256
0, 400, 100.06000000001428, 83.0568987584668, 28.976906765167044
0, 401, 1737.7199999985646, 58.34845099791054, 58.14386687556723
0, 402, 1383.9099999988864, 33.82170014718291, 21.64504424972349
0, 403, 18.81000000000014, 40.14635871550346, 14.965047747027583
0, 404, 757.7799999994559, 14.095798392436876, 69.75787174982749
0, 405, 1199.4899999990541, 83.59524924951532, 13.998842049092275
0, 406, 656.0799999995484, 58.37137988950447, 92.90974902408172
0, 407, 1825.8799999984844, 10.254393454095535, 35.437348279555955
0, 408, 868.8099999993549, 2.7542687460228144, 96.74334933093661
0, 409, 1117.8299999991284, 99.03912998546116, 26.397360001515523
0, 410, 468.5099999997189, 82.18854015941177, 58.8372418509164
0, 411, 1223.4999999990323, 88.4424819877234, 14.312376372840385
0, 412, 1151.9899999990973, 71.69091292802892, 2.093986651833979
0, 413, 1581.9299999987063, 91.24882577382883, 97.43075993796045
0, 414, 1223.1099999990327, 75.37948381856087, 13.03447349494624
0, 415, 664.4399999995408, 99.53208944544517, 33.296617281745235
0, 416, 164.65999999999522, 4.005732956050567, 21.387408291640895
0, 417, 1306.5799999989567, 55.065055852924246, 2.983440381376612
0, 418, 1856.5199999984566, 12.574440210488358, 53.316165145488725
0, 419, 550.8299999996441, 98.11991791156103, 62.428649596119335
0, 420, 1340.1999999989262, 41.260876290262225, 0.9115321424952305
0, 421, 374.53999999980437, 89.98612801692622, 82.4723470591061
0, 422, 222.92999999994223, 1.4314022972272467, 43.23346496032635
0, 423, 918.7299999993095, 15.048730630635532, 88.73770508339175
0, 424, 526.9699999996658, 72.79455767460574, 79.8756780167259
0, 425, 1376.9599999988927, 65.88799566675301, 26.95478277354253
0, 426, 316.72999999985694, 3.281103854455114, 86.1965819170884
0, 427, 115.05000000002195, 6.7310457582205, 5.627438315985412
0, 428, 581.739999999616, 78.09119426939316, 93.16599533996838
0, 429, 1665.1699999986306, 42.67731312359688, 46.41292088837577
0, 430, 1079.4699999991633, 16.190311993199337, 98.40122889703007
0, 431, 514.679999999677, 92.96487693932087, 52.321785263288724
0, 432, 1689.2499999986087, 31.5022366444352, 36.96873058126786
0, 433, 828.0799999993919, 55.05601913559283, 76.61857449437953
0, 434, 224.279999999941, 51.66920370209331, 37.046581573777814
0, 435, 748.3699999994644, 10.535236646562584, 63.38090795341393
0, 436, 607.029999999593, 73.39729759923922, 90.66638802000307
0, 437, 1153.9699999990955, 86.25217955866931, 20.867367302940742
0, 438, 53.909999999997844, 27.227927038435972, 9.698399587132144
0, 439, 270.509999999899, 4.464714175061157, 70.15213967054615
0, 440, 1650.339999998644, 44.003568044047256, 50.39841097240135
0, 441, 1593.9899999986953, 82.77418304255134, 97.62160500541606
0, 442, 846.699999999375, 2.5040101445472085, 84.77870066585407
0, 443, 268.7199999999006, 50.73659333000449, 25.476657280556125
0, 444, 447.90999999973764, 75.6983021780608, 62.413901110957106
0, 445, 617.0599999995839, 69.56410567156756, 86.62751700616435
0, 446, 88.02000000000812, 84.54628216022577, 33.44481673077182
0, 447, 446.25999999973914, 91.81320376870575, 65.37145609327033
0, 448, 742.0899999994701, 47.749531726797535, 78.80446973082529
0, 449, 844.8699999993767, 61.923932587030116, 71.90574599884097
0, 450, 1162.139999999088, 69.63458909882294, 1.4962180825586424
0, 451, 597.4799999996017, 71.29024451425909, 95.36076579723706
0, 452, 1557.089999998729, 94.48438748011802, 90.75125773501036
0, 453, 761.4799999994525, 14.070075251193225, 71.43064046718034
0, 454, 723.2699999994873, 53.702052784647535, 78.89372507681537
0, 455, 1206.3699999990479, 70.27768524334837, 10.602603268804433
0, 456, 43.499999999999915, 31.968773639041892, 13.29996673514967
0, 457, 523.7699999996687, 71.8799654140027, 80.61603411800631
0, 458, 408.53999999977344, 82.66907696047687, 70.83260421690505
0, 459, 583.0399999996148, 84.22691344347633, 49.97052879164643
0, 460, 1707.8799999985918, 52.84117547465149, 46.0442010731375
0, 461, 293.4599999998781, 59.49134728424289, 16.14581102209547
0, 462, 278.00999999989216, 53.411859852210696, 19.37602059832568
0, 463, 959.3599999992725, 51.19396786198956, 89.28438928434069
0, 464, 1282.6599999989785, 68.26888622464323, 10.074509333529969
0, 465, 59.979999999996636, 23.272948559168395, 8.838283916467415
0, 466, 510.3099999996809, 90.68079693411221, 51.78326278369707
0, 467, 81.03000000000455, 14.460057749918665, 9.671012843808157
0, 468, 1326.099999998939, 47.71275455502497, 5.0002209167886775
0, 469, 1580.6499999987075, 40.438326229598474, 74.56870062729364
0, 470, 597.6999999996015, 87.87127914505554, 48.74817008332124
0, 471, 500.45999999968984, 86.79379614903378, 54.98942486284487
0, 472, 1448.7299999988275, 36.14651769497876, 32.620055172208914
0, 473, 1090.0099999991537, 98.53944247336324, 14.202175813839569
0, 474, 1527.8599999987555, 96.19445367109128, 85.88570729067318
0, 475, 924.0899999993046, 59.40730941429698, 96.11129352190201
0, 476, 536.8199999996568, 94.36280352494862, 59.109115464188555
0, 477, 74.36000000000114, 16.556137665505133, 8.099771039924741
0, 478, 1151.0999999990981, 85.49956530228255, 20.49035399501581
0, 479, 579.9299999996176, 84.82406928531346, 50.87256819726884
0, 480, 1328.209999998937, 42.82407842833615, 7.983378806501163
0, 481, 1185.8699999990665, 68.85053732600682, 5.450843016776396
0, 482, 1331.1699999989344, 45.995528632058644, 2.4890943851595293
0, 483, 791.2999999994254, 38.25560438672099, 71.99520139674772
0, 484, 1799.7699999985082, 14.716537708067822, 20.265534494591176
0, 485, 397.1799999997838, 93.71130136228395, 75.37400341016745
0, 486, 411.83999999977044, 98.2241831256779, 76.29779145036424
0, 487, 559.9299999996358, 92.08970915090843, 62.262262662038005
0, 488, 1360.8999999989073, 53.39497145181893, 13.351203334317796
0, 489, 474.82999999971315, 71.80152714895138, 71.14934000925228
0, 490, 862.3499999993608, 55.84512013715728, 71.42684423981311
0, 491, 1637.309999998656, 48.137474369488174, 57.52510729466612
0, 492, 518.2399999996737, 72.61729795030895, 84.04462212178144
0, 493, 889.3199999993362, 8.799828591336222, 99.51500490695953
0, 494, 1147.6599999991013, 73.1551044537211, 3.875739609108364
0, 495, 233.33999999993276, 2.683545277545274, 57.97411917696458
0, 496, 820.309999999399, 6.663558321573304, 91.31544325865357
0, 497, 202.5199999999608, 3.5008986441496637, 37.22963612694853
0, 498, 803.0199999994147, 11.990808946244979, 89.26934648361521
0, 499, 1234.929999999022, 88.46624788433951, 9.749318540368035
0, 500, 264.39999999990454, 53.001050179537835, 25.11964565786995
0, 501, 976.8699999992566, 33.30410158032219, 91.58890769249666
0, 502, 521.1399999996711, 93.02127370241067, 51.02861457176587
0, 503, 1543.0499999987417, 26.525724777253355, 79.71354541689011
0, 504, 473.3499999997145, 80.82892137487654, 56.37527697697058
0, 505, 1303.7499999989593, 54.784292987205255, 3.737623753238306
0, 506, 214.96999999994947, 1.4887632199440337, 37.29410831610986
0, 507, 1106.159999999139, 98.71570769897883, 18.87432525866579
0, 508, 1245.3399999990124, 89.29253171086832, 6.759043455880587
0, 509, 864.6499999993587, 0.9160623875018925, 95.64789744487683
0, 510, 804.869999999413, 44.590827583505266, 69.8846787631502
0, 511, 287.8299999998832, 58.1955007156589, 16.171550350397744
0, 512, 918.6099999993096, 59.51614076305064, 99.56350328539459
0, 513, 980.7099999992531, 34.056331696079454, 93.24115289266048
0, 514, 1538.9099999987454, 28.626070665696567, 79.49330502475178
0, 515, 1403.5999999988685, 29.632291827013624, 0.5706567177361954
0, 516, 133.16000000002387, 76.28074236371397, 16.975868476501343
0, 517, 724.5599999994861, 13.829661273459582, 55.93921903037079
0, 518, 1351.1499999989162, 44.52900340337395, 14.753398673050832
0, 519, 1797.2999999985104, 20.603264410587496, 0.8532315328742324
0, 520, 1057.6499999991831, 24.98358137679769, 99.04381073780286
0, 521, 1323.3299999989415, 45.44037325986512, 6.8443793014157155
0, 522, 1833.049999998478, 13.720888649392071, 39.23314012735335
0, 523, 893.7499999993322, 10.190418875567186, 97.55798722917667
0, 524, 1747.4099999985558, 27.1942822760183, 26.208775854340093
0, 525, 309.6599999998634, 4.628877326865643, 87.54985353518899
0, 526, 127.2500000000282, 75.34903207229452, 20.742976015576144
0, 527, 196.84999999996595, 2.4404802453313224, 36.228966181847355
0, 528, 1219.8799999990356, 87.60770395323966, 12.95902331640134
0, 529, 1367.3199999989015, 27.650078480427474, 14.030407244600895
0, 530, 838.9199999993821, 61.154272678386526, 75.7574507262837
0, 531, 1502.989999998778, 91.38689706667196, 93.49250169369755
0, 532, 379.7699999997996, 90.21612499370839, 79.28028526911652
0, 533, 760.3799999994535, 43.36458163569101, 82.86895331343018
0, 534, 500.3999999996899, 67.81181639136999, 77.06152594204319
0, 535, 1228.8199999990275, 76.67535219085184, 12.396402695726538
0, 536, 811.6399999994069, 46.955615671347395, 71.22042875907724
0, 537, 1823.4399999984867, 10.36164064453371, 35.03769246987033
0, 538, 538.7599999996551, 75.2335011374961, 75.26532374775451
0, 539, 40.16000000000058, 32.47692430541993, 12.088837942583918
0, 540, 1627.5399999986648, 47.195533159387296, 59.0839985211723
0, 541, 746.3599999994663, 46.13297277444733, 80.36917770695479
0, 542, 401.15999999978015, 85.3345008274409, 75.47575974405405
0, 543, 1155.4799999990942, 70.4133022562315, 2.812165936972466
0, 544, 591.3299999996073, 73.33083262175775, 95.10045818440406
0, 545, 424.7299999997587, 79.88532920241315, 65.11940265172932
0, 546, 939.1599999992909, 53.38292505528997, 94.16272864775232
0, 547, 1652.9599999986417, 38.44384139781207, 55.42885727485035
0, 548, 1179.0399999990727, 64.95643543365918, 2.633037782960612
0, 549, 392.1199999997884, 90.03155129494367, 76.53505393407349
0, 550, 1245.5399999990123, 79.51805955003258, 6.959189306206726
0, 551, 1819.2799999984904, 10.3316189748897, 32.904973109202
0, 552, 738.4499999994734, 15.756366095518693, 61.63133378820429
0, 553, 1600.859999998689, 32.108435339080124, 65.53742805353737
0, 554, 569.569999999627, 84.21878481394656, 64.97472350576011
0, 555, 1733.6299999985683, 33.974109784048586, 30.304617007414368
0, 556, 306.15999999986656, 55.93150363326187, 11.193489025393344
0, 557, 264.4399999999045, 7.535548915983458, 67.52259716283731
0, 558, 451.1099999997347, 74.93675967424377, 61.5130199833793
0, 559, 653.9599999995503, 99.41634254600554, 48.90749082579406
0, 560, 842.299999999379, 1.1837211604401876, 86.74719044306438
0, 561, 48.429999999998934, 83.35376722769638, 40.16908257401022
0, 562, 1180.4499999990715, 88.13370252475423, 27.693582104590895
0, 563, 1212.4199999990424, 72.16817733577342, 10.935125079965113
0, 564, 1434.3199999988406, 38.58919182429289, 32.86058237173061
0, 565, 284.40999999988634, 57.1344122943223, 17.070955129492894
0, 566, 161.68999999999792, 67.36369099757422, 19.606876128753136
0, 567, 183.30999999997826, 60.628544654885644, 26.62212574810163
0, 568, 218.57999999994618, 50.42760442115025, 33.5837780822943
0, 569, 310.6499999998625, 54.22410083907161, 12.967546763113337
0, 570, 1253.469999999005, 81.7110295742485, 5.115496210832749
0, 571, 1197.2999999990561, 69.68858703947463, 7.954336525219663
0, 572, 100.6700000000146, 11.48938356914666, 5.192158293839788
0, 573, 1199.8999999990538, 69.59680995448215, 8.517780694869593
0, 574, 178.71999999998243, 61.64737736449023, 24.263777176797962
0, 575, 1094.14999999915, 19.593580099704365, 80.08301836108387
0, 576, 73.49000000000069, 89.56034799408977, 35.44444521642549
0, 577, 64.22999999999595, 22.021188480330657, 7.000515184869604
0, 578, 1161.2899999990889, 88.33061286737191, 20.07838838324576
0, 579, 428.98999999975484, 78.8716361520278, 63.12907323767144
0, 580, 1315.8799999989483, 59.518669395613784, 0.21707980193368392
0, 581, 302.1299999998702, 57.498883843693925, 12.448336911259805
0, 582, 571.5699999996252, 77.18077304405723, 87.18687850031789
0, 583, 873.029999999351, 0.9039494416850702, 97.9265501240961
0, 584, 734.9799999994766, 16.638914055467215, 60.48647902361343
0, 585, 1536.079999998748, 99.6072240388026, 87.25915734161714
0, 586, 1080.3099999991625, 98.15213432579527, 9.914824204211282
0, 587, 985.1499999992491, 36.234849791124645, 94.2895340147969
0, 588, 1350.239999998917, 45.33175513674732, 11.208413478670366
0, 589, 1552.2199999987333, 32.8286004363058, 79.22748038381151
0, 590, 543.289999999651, 96.45389015433476, 59.36472804239109
0, 591, 1577.2299999987106, 41.46126457841483, 75.5098733678368
0, 592, 1297.9899999989645, 59.45902571400276, 6.310719240777496
0, 593, 905.7599999993213, 8.398846716153397, 94.07833106204036
0, 594, 1315.099999998949, 49.48444161483436, 5.8055378184154405
0, 595, 1516.0199999987663, 91.48392274624898, 87.37908280930824
0, 596, 417.4099999997654, 82.54862212406779, 66.90049454610954
0, 597, 1649.1899999986451, 39.92056854746375, 54.49299587420297
0, 598, 1726.409999998575, 54.524646990419456, 55.523139437744206
0, 599, 1603.7599999986865, 82.74114007756411, 88.50918176424878
0, 600, 1227.9899999990282, 89.04942151384887, 11.919323253321778
0, 601, 558.5199999996371, 83.23061152677616, 80.60645442317315
0, 602, 533.7599999996596, 72.92645174288933, 77.13589835386992
0, 603, 1566.80999999872, 34.78184377224033, 88.80540617390119
0, 604, 371.639999999807, 91.79459346913825, 68.44315196484672
0, 605, 1488.689999998791, 29.49801385247588, 58.725779130322174
0, 606, 420.1299999997629, 98.94245919891074, 72.16716830468832
0, 607, 1378.979999998891, 32.719568837593215, 18.961661342404724
0, 608, 1262.9399999989964, 83.95615702825381, 0.8115508524824455
0, 609, 251.38999999991634, 5.369867637053383, 62.55078282340405
0, 610, 1722.7499999985782, 26.770455821842187, 50.741703466398
0, 611, 387.8299999997923, 94.8198242856837, 72.41263000496848
0, 612, 1409.3199999988633, 26.03653626048381, 1.4426806364270184
0, 613, 1710.3899999985895, 25.694762867547272, 42.27287905853405
0, 614, 122.39000000002571, 5.327924830443475, 3.4573253222042633
0, 615, 76.35000000000215, 89.72662126859198, 34.63125514065016
0, 616, 34.68000000000167, 85.77169948366658, 43.821640113383495
0, 617, 854.399999999368, 0.8510415240930547, 82.6805384968744
0, 618, 514.9099999996768, 71.9257361489251, 82.94260492007741
0, 619, 116.87000000002288, 77.28967184404915, 23.607554078697657
0, 620, 393.01999999978756, 94.10404497377056, 73.2747306761716
0, 621, 1394.7599999988765, 36.72000847663306, 22.05503449319871
0, 622, 441.60999999974337, 92.99194126487095, 67.71657963173101
0, 623, 158.56000000000077, 68.12287639407242, 18.797988825949798
0, 624, 652.8499999995513, 57.673761769057776, 93.89627595731085
0, 625, 1693.229999998605, 29.705483614157423, 37.737350224559115
0, 626, 623.8199999995777, 91.41921108418433, 35.04761786061338
0, 627, 1430.7399999988438, 39.63103003154582, 31.707540074653107
0, 628, 297.7399999998742, 59.37076490749824, 13.898220071070998
0, 629, 1590.2799999986987, 33.1310563179548, 70.77849008924116
0, 630, 144.36000000001368, 1.434953588595178, 8.242470933036227
0, 631, 904.0899999993228, 66.25200759839399, 95.85945371800263
0, 632, 491.9499999996976, 65.88319575997265, 74.83997707452713
0, 633, 1420.0099999988536, 38.72521728380023, 25.910792396645775
0, 634, 944.2199999992863, 24.33704330427221, 85.21200858478682
0, 635, 59.79999999999667, 85.37435289913378, 38.11195356966929
0, 636, 1209.529999999045, 71.41019511304434, 10.525435665088722
0, 637, 506.5399999996843, 88.9475951332047, 51.54785786052841
0, 638, 899.6499999993268, 65.85224357103321, 93.47780832365736
0, 639, 1523.2099999987597, 93.62179343106206, 85.3614490149826
